# This file may be used to create an environment using:
# $ conda create --name <env> --file <this file>
# platform: win-64
apscheduler=3.7.0=py39hcbf5309_0
beautifulsoup4=4.10.0=pyha770c72_0
brotli-python=1.1.0=py39h99910a6_1
bs4=4.10.0=hd8ed1ab_0
ca-certificates=2024.2.2=h56e8100_0
certifi=2024.2.2=pyhd8ed1ab_0
charset-normalizer=2.0.12=pyhd8ed1ab_0
idna=3.6=pyhd8ed1ab_0
libsqlite=3.45.1=hcfcfb64_0
openssl=3.2.1=hcfcfb64_0
pip=24.0=pyhd8ed1ab_0
pymongo=3.12.0=py39h415ef7b_0
pysocks=1.7.1=pyh0701188_6
python=3.9.7=h900ac77_3_cpython
python_abi=3.9=4_cp39
pytz=2024.1=pyhd8ed1ab_0
requests=2.27.1=pyhd8ed1ab_0
selenium=3.141.0=py39hb82d6ee_1003
setuptools=69.1.0=pyhd8ed1ab_1
six=1.16.0=pyh6c4a22f_0
soupsieve=2.5=pyhd8ed1ab_1
sqlite=3.45.1=hcfcfb64_0
tzdata=2024a=h0c530f3_0
tzlocal=2.0.0=py_0
ucrt=10.0.22621.0=h57928b3_0
urllib3=1.26.18=pyhd8ed1ab_0
vc=14.3=hcf57466_18
vc14_runtime=14.38.33130=h82b7239_18
vs2015_runtime=14.38.33130=hcb4865c_18
wheel=0.42.0=pyhd8ed1ab_0
win_inet_pton=1.1.0=pyhd8ed1ab_6
